176085
158860
172304
128400
181223
153617
183167
187251
137197
177421
167223
171052
160468
163831
130857
171899
126210
162837
164548
135950
156946
128237
131663
162535
169308
166823
144101
73398
166426
168270
148813
162230
74242
165650
74033
154164
70877
166379
159706
142080
172786
159884
171360
165946
144153
165117
157990
166276
180440
174708
131752
133765
166240
156503
165059
132645
174098
179670
138890
156116
177560
156160
158625
158048
180859
166183
167821
169200
178372
129360
178247
180556
171797
173938
178289
143534
178163
144222
188703
118258
77258
171610
101178
181502
174424
187810
89086
143657
75425
74028
149042
173786
188965
164108
74629
159851
153819
162520
169004
81865
163440
175956
182199
177182
137730
156774
128020
171920
154755
161080
182324
162240
175219
161764
170830
81484
180334
180917
190670
93118
163163
72174
150830
156553
177134
138492
73288
144495
136808
134748
171287
163207
176163
159823
133347
184229
141607
191010
175266
137725
163931
148622
185908
173273
141220
177970
175073
161640
164433
129202
170630
180694
64712
169076
178510
129357
173148
179739
174386
156637
164193
148827
186894
164085
175226
147611
145143
139783
194533
169052
149304
88724
72146
179283
148859
168920
167749
128590
175770
155237
167600
167357
233863
190736
121438
169781
156586
177368
74523
143845
163647
187258
172054
126188
206480
154807
139437
178323
163823
171353
229263
179621
189364
152447
172538
169233
174087
189014
169131
179313
168033
185030
164473
160182
159106
76419
167324
71569
191738
181349
183224
173452
157327
190051
181179
139220
171320
135340
149567
176760
185197
129048
193636
161716
174146
162026
125030
181367
73917
189600
78703
131293
76913
134443
176826
162793
160411
156537
160196
170643
163903
168130
171621
169851
176335
170130
176092
145270
179640
160483
152491
177513
143248
165069
175491
175031
81443
201280
181262
139113
175360
128175
141258
162565
161520
194873
173005
181195
145130
180348
134878
169913
174137
174577
147887
172350
179032
172272
73165
197240
160715
159536
178416
169065
149445
164687
180310
175458
189727
170687
231302
152447
189781
181014
162337
146935
163000
91747
174967
166389
194466
165026
132382
138540
126703
178866
166367
173170
77808
157389
164675
179906
172240
181891
147390
192410
173108
187061
187371
142045
145823
183063
80726
131425
188487
187110
178044
190558
184974
169611
160697
159379
215066
159313
169047
118435
162097
77975
180490
84871
149550
173699
167757
167111
183054
167076
160012
177462
174466
169341
174629
155527
70244
181346
170899
120878
176534
74203
160211
94588
175972
166421
162010
184419
192061
161854
138030
157892
71564
157637
177138
135972
181804
166386
146930
175429
81131
165183
181796
184626
136162
160396
113466
182031
158563
192604
118373
135077
80665
203327
227899
125008
172723
154396
128905
173739
141580
186341
169870
165207
180989
135445
166410
164977
72195
194774
73396
178491
174934
199520
178018
165661
168273
164546
177076
162070
132348
170920
129238
132378
173756
176193
182364
179388
163763
170579
170313
173643
183810
175850
155317
131425
178629
181219
169593
113186
173183
70388
194251
67422
165709
168498
109604
179496
70199
164847
190299
170268
154917
115806
186207
179280
179956
177259
124545
156610
171938
175353
163123
135295
165142
175930
176960
173550
133862
166821
71365
197436
151580
160574
172960
135628
165723
184887
200570
166901
193644
157284
195400
175186
167527
173193
176148
168090
174411
167000
172374
155756
125425
135290
209172
173172
154916
163687
181717
189564
165836
170571
170323
200669
173447
149552
171473
112276
129600
158870
131660
181508
153807
165167
136045
187348
157516
141635
200767
165788
174285
148675
161266
178800
148244
180949
166913
164127
163492
177123
173374
230195
95604
169785
166404
179226
147795
105090
165157
82219
173658
166903
83961
159160
71437
127152
82173
165817
200910
178614
148061
170200
185797
173374
185388
137570
157243
174610
136480
193102
144353
172370
182654
187423
178301
167305
172924
163932
90976
179440
145708
171156
186295
225153
155661
175447
177297
122255
173575
173993
163000
130938
158276
188091
187600
184061
181284
177197
174508
124535
161145
68411
162485
171782
209913
183659
179644
171466
186737
175835
182676
142062
172590
174717
127510
171203
184619
163530
188473
171702
161356
137003
183055
151732
68120
167560
171400
185265
154953
128212
168004
163123
150127
155249
170487
165699
167341
113278
123000
78409
173551
171891
125763
187527
115996
173473
70506
156635
85497
161057
167703
180283
76955
117422
172374
161130
185544
182061
156343
180712
164350
166127
170640
151553
175233
169014
159571
188742
115148
152593
176110
160739
174400
174057
80664
130165
202426
150033
174433
173716
168094
165564
160974
172969
172873
174299
179868
190807
132595
150120
180164
161716
187209
177047
169716
165659
162308
178360
179770
162254
170697
178357
174131
164509
193014
171331
174469
190683
169484
170913
186266
155170
162616
163219
131845
127545
155770
168317
174567
188916
167084
180000
171509
164343
167778
151363
163000
190023
162454
144260
176181
113884
180578
85837
174644
80071
158364
165283
117093
108734
110780
157022
167443
180603
173466
193457
169197
168371
189883
169134
165623
173134
64025
173680
166830
156891
174941
164184
190273
175033
174941
164273
180080
178273
99128
158975
173205
156113
184593
273563
167809
142890
185254
168694
99990
170560
140727
172411
185026
168124
204106
131063
143803
184065
172666
124937
173619
170866
198323
183637
150730
154254
171887
177378
167546
172869
175143
165677
189850
161275
132798
149892
184316
162349
202197
149513
188925
169964
163640
175880
192247
167516
112418
187487
142847
175970
174549
124675
169760
167767
166353
177768
191976
79852
74383
174112
117557
118712
69234
172696
93971
158544
191960
156259
140105
171127
113018
129377
153230
177988
121660
75031
155789
83471
158170
91902
120827
168835
73854
186184
73403
184873
157215
142403
157772
175225
163400
170134
152788
183877
177935
150682
182284
170898
181033
180228
159883
174476
199341
205448
129290
177560
159476
158224
178499
127125
173913
182917
165110
175436
171698
163619
153047
171506
150370
130395
169040
189833
170102
176865
158444
157440
173715
160360
166336
150571
160673
75654
176666
182134
168804
183485
158720
166713
194612
167337
198270
147223
86670
178746
187023
188750
168974
175243
74865
121400
174847
160774
167440
169311
165590
200746
181589
183774
193428
204983
174600
172837
180361
173108
156095
157050
174643
181473
163560
66623
186757
169378
193047
181520
159548
175290
169739
177804
71829
176661
164302
169290
168369
127855
78436
69579
73845
184301
150131
186534
166946
189014
153699
189910
193414
146125
176720
155466
158647
189593
156187
173445
169650
167724
171124
146470
164713
189356
141052
169567
120565
173890
172760
159979
159621
171978
161732
166510
174840
199091
192334
166263
182605
148240
156400
157080
179367
170219
180109
183880
160880
166803
157487
170497
177342
177670
173367
171891